45
233 75
12612 72800 88769 98639 47390 88461 56514 28283 25262 95770 84370 60486 71385 15738 6489 63762 69606 83721 14044 53928 7574 17990 26943 13953 48126 73002 49723 16149 83716 96984 28073 44501 20353 52542 72359 26491 41182 1602 10642 34989 82027 77384 94158 58864 22883 67783 48463 72822 39377 67116 76529 61684 54594 38056 24361 50994 18886 82651 49919 19845 18159 6552 45297 29566 84936 89884 61363 68014 58815 62034 23855 75648 80620 95929 65203 
566 270
67314 85408 12157 47370 55955 93222 31871 42859 4269 86104 79350 88139 74083 64084 33170 84881 75113 46658 13058 70364 52612 89540 93751 57091 31570 62017 45976 13036 24020 89339 10914 79072 55920 83262 88308 44570 32469 21166 51309 87115 45995 37223 44497 53186 52344 23102 30456 71595 78842 29173 23414 79347 64462 65214 79723 43804 81209 11568 14459 73131 68212 80431 27138 32918 10795 2562 61947 78644 67466 67835 34835 38700 49591 60690 83077 68134 35619 70821 21511 44515 77085 55272 30784 85576 41275 26796 19485 4776 53576 92224 32884 43912 14401 49209 83153 26692 79809 76704 7865 93532 84436 17664 12567 36530 43760 57183 12161 17162 61347 28807 80915 89359 61622 15174 41416 99075 86903 10859 89054 2696 17155 45383 23438 72086 81981 93334 7294 53615 89461 38833 82565 10252 26337 38845 13588 55965 98228 6814 6201 82463 18260 97495 17678 25196 50364 86373 29537 75134 4596 38343 58 62033 76846 48137 59085 17797 36108 94733 5854 49086 53685 97940 84832 74904 52544 12082 52841 65566 94034 71953 39586 55025 90698 67933 76602 24002 99039 40963 42756 59066 41392 14435 70584 39313 90315 74061 31833 98614 83768 39523 79702 80697 38264 16914 58922 94815 62935 68975 79782 14134 37734 51660 32065 74626 25775 89095 78805 17376 4985 70079 54256 967 54034 11029 83308 75390 24154 34779 71949 14613 85866 66836 16165 94965 71764 10603 17968 8829 64831 56063 86163 86022 71632 14046 34962 16318 58455 87725 33046 48711 3721 34484 912 75673 23224 13716 81532 89825 92906 64974 71482 1450 14515 67760 91797 70501 13037 35763 1340 91343 37463 80289 31234 62445 63239 904 53337 48112 8392 60113 
316 226
75062 34616 47273 77505 56212 7426 96874 87306 27590 71260 48810 32542 8676 72022 31953 41167 1988 81348 94497 98893 60397 2137 96728 33556 94807 3179 84755 43744 77214 48088 25309 49335 66694 77059 85097 45887 65990 26928 20489 14244 83034 74530 71317 28111 83915 3889 45114 32457 96259 75078 1591 91318 89386 11097 88947 40476 37633 1333 44132 54607 73761 62644 70737 13679 66571 49042 2659 55032 79996 20740 26226 77078 4095 61631 11253 18495 55697 94774 86660 2640 57317 95325 79323 54039 9794 16725 33313 81105 58413 21621 52935 52354 72445 74885 32462 38922 7152 32506 88578 32913 81878 76449 20767 40043 1910 36348 52101 53297 50445 38193 89781 79359 56351 54001 27335 43944 18096 28442 29640 55024 76573 37133 8446 50413 52317 80375 87682 59102 77494 86685 6539 41902 61658 38150 10299 69617 23895 94703 84170 70723 39973 56828 3612 73265 92513 72918 11938 84200 76779 93231 37184 66072 68985 1853 71013 93756 21251 41591 47637 40782 19578 21900 15368 12678 49629 13219 47767 9030 28034 38603 76044 51018 71680 93847 98292 68083 80578 12078 94063 45738 48626 42129 77926 74448 90317 24752 56026 30606 91004 59112 99688 26255 44721 65175 7726 34360 87109 29628 9600 13769 17371 5903 19065 16497 4066 55689 11698 46041 64358 88757 48515 64904 20218 26310 55014 47075 71985 11376 68092 51259 65157 89330 45424 92734 19235 55874 
409 317
21891 76095 31796 20668 77585 57217 81651 29017 81702 23417 76644 26615 97261 77138 89061 71675 2883 51444 78068 57837 44857 53489 14043 91208 97430 79484 59498 36917 94911 79479 4416 1774 37566 69464 32167 95446 86700 82649 429 70347 56032 7995 71220 67752 77904 61561 6958 61069 10958 14823 81533 50063 21152 69052 42760 11681 58197 22221 55948 68300 1095 63318 83802 72795 69238 95121 55574 57367 71038 55244 88829 79881 39598 56123 61656 17338 59640 14107 61189 52658 42773 14052 62941 24316 16131 1468 82423 74574 78715 26446 41360 36305 42743 13024 74465 32856 85908 92444 81744 41181 26107 41545 26441 4372 24545 25769 91062 39753 62334 50308 89275 67804 81176 73687 6710 81244 81784 16011 28504 8789 84978 64573 49121 34597 20044 74784 30535 46186 12477 54452 88837 71584 13684 10185 32474 48054 29740 47187 18778 65002 91079 93442 98740 40129 53958 22768 28384 61959 92558 34274 39991 36851 35582 99017 61932 43716 44931 91818 9791 19263 79839 12257 38807 2162 70989 43082 81585 15187 9930 72750 86559 28988 51964 9228 51050 6914 21187 97691 30239 78587 98713 13429 74988 41014 51334 49363 12588 19472 33430 32963 18381 99513 33532 88188 75408 88463 90997 2829 29695 39801 42046 81949 93088 77559 45676 64966 45372 2004 73984 87441 56547 30851 8572 69730 51178 47527 17062 24087 84829 3512 99931 50335 23010 91139 86152 42112 53861 32930 1692 430 24564 55493 69202 73254 20427 12086 33860 47780 56983 90512 15307 41722 7653 69833 16322 60357 72293 4045 88812 67714 12812 55166 94696 96458 82997 78387 24224 32844 66371 9512 10597 17233 88533 41285 39022 17445 87963 24066 5187 15512 40826 34036 16721 8865 92779 84879 92744 74057 54634 69565 67787 21758 45247 26953 79335 61181 34353 3947 69100 82029 56527 89188 58202 71982 67726 6955 77454 46700 87266 68954 4655 72765 7479 10017 24022 37700 44114 89489 45793 52795 88644 66652 34038 3429 51925 30535 30535 
434 372
39404 20221 552 56980 33939 23967 30964 39860 45491 65036 14221 41327 81509 23843 38702 73352 93946 73217 73545 9070 7937 49576 96466 82090 57593 94308 70021 9530 58706 60088 17685 15006 90380 94991 95269 53170 35969 9513 74085 45942 81626 75619 62042 550 83537 77485 59356 81458 69856 2325 59437 87540 40416 88426 95683 21137 29484 21773 37164 1851 42016 93810 87009 36875 17159 19901 84843 64738 30437 4659 28695 54879 1225 34237 79709 98732 57190 73384 71552 45369 29991 29345 24467 16681 1821 60565 73286 88032 87651 78071 85263 38594 53370 39863 57572 10632 67810 63982 72215 3661 61512 97733 17927 94948 29307 75313 17424 46078 49313 41287 43814 69785 41509 20635 64553 83076 2188 26600 23168 97758 60717 12648 23676 75372 86697 252 11988 32778 27999 32239 28030 78746 45441 96345 83929 79810 74675 45962 42269 23029 17325 3687 49443 27361 37286 34823 98246 81577 26593 62981 76394 83009 5116 18293 99150 17998 38834 25944 48455 76196 19804 94730 70890 61767 72766 91403 6851 46844 76381 56047 54535 22509 21902 30224 15702 3731 93214 14756 58856 91817 70293 49257 30373 24428 39905 50016 80389 7819 44970 86353 63399 26699 33371 85864 90671 80877 56729 6441 92866 3339 15993 92603 38616 13520 96287 35441 7411 48548 19210 94287 84462 80803 15352 12129 99272 75628 61530 94638 16503 92248 97068 1379 39734 28719 25975 34658 42206 96955 26157 82972 46529 5115 21675 83166 13722 92193 41740 32186 29993 26302 51988 27667 9818 80166 31934 62794 71459 95907 74507 87998 50409 60952 22756 20134 84054 68943 66939 8095 72747 49095 36363 31166 42063 9418 6803 71846 3321 89853 94620 51431 99924 21321 60438 60684 62250 69138 30764 9135 83284 13555 74521 98257 442 30103 45796 65864 24633 7358 92870 59941 51496 14299 66925 94992 23530 54217 44467 99769 3861 92541 79474 67624 67705 88963 67719 45414 16670 48301 38582 53659 32540 3168 12880 79456 87087 14436 4890 52993 54991 68756 20816 64269 70891 98998 97898 87982 9051 84870 24578 52914 89173 58071 34719 99356 76799 88022 74299 48015 54556 58523 85544 48010 3668 30512 16959 99460 93274 76341 86318 19679 20412 86597 31468 27881 81936 5588 44709 76409 733 55633 97420 66976 75757 36581 70862 22246 83386 95247 44359 67996 76050 56207 
996 364
45546 64635 31676 45258 7703 76443 13755 53602 45724 8456 50817 23071 97963 91730 71149 94633 19295 19491 62556 49761 16102 83202 5280 7589 5487 90722 6112 78192 45774 94278 33988 21047 42530 47138 8262 58148 21200 59896 29213 93102 66033 51200 58250 51812 18402 68897 22326 69664 97915 49959 41670 29552 27010 78346 61805 42085 34859 76858 92464 15127 40798 43542 54757 7394 93733 99730 18103 35829 49710 93884 52135 19314 29674 77094 48102 98002 84598 81478 93005 91819 49977 22653 72655 99120 4390 89714 71491 65885 25093 47293 52556 59541 82332 69546 35794 50692 29555 96114 41023 52294 33023 7660 24782 93497 21591 74386 51613 73323 1173 44426 10618 17582 22383 34603 67143 53516 63934 43946 84340 86374 7783 56110 70570 43105 12710 78256 32731 61314 79989 60379 63838 79609 86079 65604 54500 68114 11093 45957 99262 48052 13197 72047 16874 85318 62279 54651 49738 79330 95724 88385 50612 92018 97284 7099 46336 19653 75190 83339 20307 31976 15637 98678 37313 56337 43996 40012 25433 14841 79254 21149 78466 9232 86267 40259 89534 81629 38675 76505 49790 44291 23160 31795 57427 82588 43730 97970 27623 93880 81075 9642 42317 39353 4064 12978 34939 78980 64212 47264 24588 14568 55458 4649 66554 88285 3206 15486 78235 42827 94575 96271 48946 68028 60127 43782 15909 67175 18032 28960 24264 61930 11866 59243 6320 30683 30736 32097 43568 42334 85982 24285 60483 68875 91189 22435 31165 78766 30754 85714 77300 30833 86981 38627 96183 73326 54102 16395 50374 52329 26735 18690 7419 64230 79303 70877 85670 7909 22002 88262 66795 12502 66832 77280 33484 36870 38245 79516 17540 3536 6836 27861 90753 35611 18776 63895 90838 25560 1530 47617 35348 24044 11096 10897 59334 74915 5559 98071 3038 97359 71384 58575 28607 62855 51867 40856 35266 82912 36481 96826 68677 94493 89500 13775 33410 24950 28856 78878 75447 96406 91596 73289 63213 17274 5406 63570 79048 9475 13625 63681 47231 90443 42728 59154 11458 91455 49282 69652 80969 93215 11044 66986 8764 89378 57312 65544 72626 35218 86129 77279 79363 86274 72404 64048 69642 68211 75293 54793 69729 49219 51240 12584 83390 20722 69923 19013 73745 36708 7868 33139 81083 39001 94324 37754 81107 3579 
693 360
60467 30684 81102 41089 94340 12319 53365 12266 30795 48289 67337 43615 17224 52832 56918 91042 80884 5360 60175 65521 30820 55176 11211 23668 34691 83731 33369 66512 52773 86853 82260 70560 82467 76155 66330 98906 57020 75524 85915 58633 53292 61414 2504 60327 87503 62239 5787 71761 61447 6590 1205 89511 58080 74155 55327 20824 15965 96462 58046 11274 9009 67235 66064 37676 68154 99576 8238 49212 85744 14917 20757 20583 10722 38194 89362 9606 74536 27815 13155 72048 2796 65292 34439 56867 23252 60682 85163 49179 47203 50796 36625 93992 20687 76111 70382 69297 4160 42924 41444 77227 6518 30026 24881 85916 82690 76471 45681 48721 96339 8933 84453 86304 59543 2650 26980 83832 50769 94565 21390 71666 39707 75338 21018 36720 19985 1246 55158 97042 41753 93993 93094 43868 90534 14183 45726 5134 21524 51919 78558 76591 90395 67797 94630 72883 94293 2895 15291 66184 37323 2619 41732 86937 77930 95614 73751 52931 91232 84807 63010 72987 41211 84380 41661 88479 72888 72433 77546 83826 74403 15082 20907 22224 93822 22073 81012 97329 39065 89166 95671 69566 50351 12187 88038 16791 24454 96004 39419 45914 33305 22021 78385 24595 69646 7741 47074 26042 87679 71702 35326 4627 82295 71703 63193 30803 21749 91391 28502 72546 15970 62891 10684 52336 89795 91509 92531 36752 89259 88959 1547 21965 3103 64113 30376 99984 22705 86879 17982 34799 3 19076 92064 81746 63543 35033 56789 64537 73636 4787 59026 99001 10318 2962 91756 18669 2017 96365 49392 25173 2945 67840 72961 85955 43430 36504 40387 4943 88868 15588 60186 98654 83094 69547 29280 77815 2482 29124 16018 52255 56250 84446 19289 89680 50899 45873 78467 87953 24911 39916 57813 37545 90598 79860 17600 57948 72858 14217 58416 72881 71757 75027 72509 95531 54779 23537 448 67027 62231 94205 55901 14023 20482 14419 19577 78753 52409 25852 12018 3426 7428 30474 34453 70525 51237 23528 8736 22712 38934 45538 91752 54087 86424 60953 52950 55840 26917 41451 65941 46750 83596 20791 32545 50122 98717 98088 76728 28242 5604 84646 9647 49138 76331 81962 75126 86130 2341 31288 41106 96713 48924 29034 77294 8475 69485 89817 55975 98553 64557 4712 50052 90337 
31 283
84387 42871 48614 32206 72377 49970 9712 54174 8279 17689 77231 45106 68293 96263 43896 76474 67827 43305 96574 27096 40671 62738 7206 4564 32030 59371 28842 76002 23038 95392 4283 51582 88695 97170 51788 45368 80747 67839 91671 39668 54769 17427 54291 75142 16212 30112 64861 77412 68992 41733 3927 11319 91281 5465 13326 93273 20673 56782 50247 6993 2072 94723 38425 86083 53596 84882 18863 57146 39269 27642 65316 99194 9258 92450 15462 66966 98548 52436 13125 25149 5300 90333 3073 667 74420 35723 24234 14938 77824 37846 11884 64744 32304 67412 64281 14176 29152 9338 57844 53494 60629 20213 13387 66236 70837 83268 95144 71698 83916 64162 19875 76962 35468 49181 1673 90116 70468 4848 57461 73230 62714 98364 30174 97151 41605 66133 74050 50976 89622 68764 64648 37859 7410 92055 840 81539 66865 12338 20378 98968 12968 46196 69703 70748 57379 98858 9916 98443 37972 55306 86881 61237 26400 23347 61432 81649 57437 18279 51736 76004 76059 24743 4819 66307 28585 61919 67201 36995 73290 4092 32645 16208 37725 24739 15108 29921 91629 60550 80432 97463 54494 63499 78880 78075 62218 75222 11716 99349 60450 79949 12027 20828 63357 44810 16785 94972 12457 59084 35343 44094 30081 34411 80979 12832 6819 2993 30970 75624 45720 22459 96981 1973 23144 61564 19061 15387 14929 98359 36745 45582 72543 69835 66834 33008 68559 23624 58127 16616 23245 33381 24381 61433 22150 12333 35186 36762 23736 3389 99912 14914 9216 88733 93158 78132 63397 55534 48871 66204 58445 96134 18008 98496 38881 88653 71139 79141 98493 93383 9291 93981 83448 30060 2841 72407 65932 65967 28241 12646 93830 91039 21781 20095 45857 38719 77822 64453 61324 8104 89412 5077 43896 43896 43896 
83 259
74501 89298 26329 2400 25792 9494 54792 12769 67278 45670 92882 97717 6393 88351 61335 45505 96627 33246 39382 47685 805 36627 67581 84034 99314 64732 67453 48331 62223 62636 16537 88382 76390 25287 69763 84282 83648 12628 37911 60087 20955 75344 60967 24560 32053 86787 10156 59253 84871 38221 68093 98169 7446 71796 12745 75321 78090 9076 41951 36343 36474 95619 98060 28970 5080 96975 47166 58478 24774 7532 68474 12064 86344 46938 52460 26697 80500 44158 84613 33632 41771 4039 58935 16782 7253 35564 86547 43677 25702 13672 97142 61238 47905 5771 66514 33505 16985 80980 50035 57291 60053 74112 37919 35862 95793 61837 56606 72151 81727 25830 14474 3366 39440 28510 16639 47953 54807 54149 34914 6779 60341 93362 24393 74393 96803 19971 26698 65309 5180 86369 8603 21703 5766 97236 55843 54585 14162 65230 78480 70585 58110 64177 10118 94260 26470 86804 37907 86142 66741 16516 27544 98905 44188 74491 88018 81124 12656 87133 76006 54177 77618 23976 19248 81451 20128 79937 44898 93758 63604 76228 85757 52858 25502 53270 87966 87611 58647 52793 57677 20161 32325 15519 4939 3685 85974 51707 77475 74178 32253 57196 11286 96116 81048 5578 72943 85256 67146 39194 83050 68514 48443 50744 35456 68047 47475 64727 99711 89611 53802 8644 60693 57969 79068 93839 88069 38199 51920 13699 51166 94031 69267 29031 68527 21903 72682 20735 97635 2125 92500 80406 41179 4601 58265 4081 96648 64874 10698 84712 76351 96017 88277 59007 55304 29491 25475 75901 83374 79442 21620 58713 76005 84083 13868 42420 40811 18647 95686 25711 14474 
589 342
88561 99351 24998 73050 80723 27971 35334 26432 59396 26726 24202 49481 19296 32802 80118 1387 54540 15850 91453 56815 44684 88748 97254 95370 29578 85610 26858 1713 37701 69083 39478 41329 51581 27235 24555 25797 86664 89727 26708 23896 22259 5394 10096 33557 7514 28380 76965 56682 33335 98320 55646 78182 34843 39026 25650 15494 21280 66118 19602 10155 81904 33851 17210 68290 40989 95602 80544 46283 38491 20960 42150 80367 91183 6892 25761 51955 64925 64602 87732 16872 51561 64380 80585 99804 73655 29561 11910 31707 6292 26814 23286 57674 57611 14108 74655 1338 53690 86609 8825 88292 74794 89270 8346 69134 86215 74895 33453 69332 27504 36834 39151 84320 74384 74038 90273 64698 47544 58812 20362 18283 8568 13529 63813 19501 80923 68456 27896 46678 10561 87414 70814 31254 34555 19512 48958 50838 2178 38593 29856 94334 58847 66436 11558 63491 23354 50217 4200 9004 56431 34344 62736 15795 88652 22426 2697 35471 97120 93577 52883 53031 30777 46694 4358 8441 69490 93034 4745 56973 70761 86756 8365 41428 85332 15197 53303 91130 65844 57667 10643 94360 89288 37076 16394 14602 29101 3372 70208 77942 92377 60728 5096 64304 63004 99599 89920 69578 95374 1309 53823 32912 43914 18364 39716 31850 49895 87774 61183 96546 55101 90200 6004 77698 19097 88805 95646 55435 96078 82038 45364 578 14270 62343 82720 80172 31228 90936 30349 71441 31851 54166 45027 6538 124 94027 70766 16197 33711 28066 65843 4755 63980 90844 37946 33165 4491 94263 12075 45791 57632 7638 96010 79353 34119 6216 16526 38587 65908 4515 15596 19258 59462 20150 77767 91864 72057 30282 73530 74449 73850 1618 89791 89974 50397 54453 872 2701 89292 88994 15254 80916 85554 24836 98009 64590 89393 6872 74098 99435 57454 42854 48928 55928 85081 88932 9934 48376 49224 36469 57366 6743 87931 13271 70614 73123 17184 59406 69280 89384 25273 53797 37967 98729 10290 31946 64899 83216 42491 75753 6434 70277 79763 94841 87817 94150 58651 70215 5228 44630 40739 69796 4468 569 56958 52930 57590 32345 19219 22986 39710 97372 28109 99248 
639 336
28779 99960 69203 90514 58065 86254 45638 96375 78709 623 30264 56747 5688 81524 94692 19503 14774 11039 4396 28756 91466 89702 16572 70178 10289 99244 59326 85751 84684 64742 59319 65303 11164 4120 96254 51534 45802 80932 33656 43892 52194 53212 5011 80187 78601 77328 29471 56610 43021 81581 6931 22478 92505 31879 50607 83395 50274 40135 4212 47031 36132 46480 23047 92307 99589 58068 99724 59389 9427 63848 42884 80495 59617 58858 37927 98085 66012 92596 74471 41045 15632 10590 19424 48366 90141 50693 34370 60270 60513 54810 63925 21996 7184 55463 97827 8899 66150 9651 24940 47771 9723 89626 82192 21443 27191 28164 60075 53595 58712 66548 96019 23045 93040 90041 10718 89866 61446 58465 25958 73705 78263 80831 30251 64385 41636 97890 97712 20475 810 53369 88517 48194 19964 27921 58947 18023 17616 83590 81243 76277 59900 57234 8099 82486 52143 46525 60280 40126 50306 23525 87671 3106 40247 36622 44279 41512 38074 57711 30414 68384 92904 88322 60715 20421 64294 60954 38718 93636 78919 4434 70173 88523 31391 7228 96619 75656 69451 85786 73294 78620 47568 26171 7536 15273 36219 20993 88806 99907 9203 65543 63695 55264 24627 86932 75751 94277 5786 70225 44511 96281 43263 3940 90609 94095 47745 99081 54424 20479 6041 96850 50450 91634 61778 65710 9298 96562 50902 18939 7425 22810 4466 3204 46065 92362 80235 97603 65629 98468 93918 86723 51962 36710 61143 30363 51841 82500 99986 54992 22971 92295 64762 80909 66633 58281 73989 28305 84071 62581 57405 34757 9114 19936 8983 69552 39207 91124 53436 23853 26838 95831 50189 33708 43353 39617 73412 92296 89432 31406 80522 9277 55223 41109 28530 11081 80551 22039 63238 8969 30555 13497 88744 76844 90038 10837 94078 66365 91850 64272 65493 73528 35245 45730 38502 11052 55760 11477 79543 57151 76946 35352 63378 9787 18489 21785 40709 72353 51201 44875 23950 36650 54698 23140 59563 32234 90125 96066 94628 76645 59783 8970 63891 4329 78328 50846 69981 39211 6658 65776 53630 78004 96758 44358 80634 78569 14421 71624 
82 332
94427 9965 74817 92751 43543 35839 70156 57275 1848 86280 73030 88665 76430 31520 57333 53781 76268 91410 3189 73714 82204 6420 24571 70907 67820 63804 32539 1458 43642 81450 77083 62171 50222 55938 23378 89648 84857 34537 21998 81552 39969 13367 91355 78104 74244 18699 33418 1282 7123 70707 31292 84319 85113 10262 53094 84501 33823 19761 62979 88255 74592 54485 14165 11370 11496 29433 31834 83871 45634 11064 58566 57226 90216 79053 9080 57780 91552 27270 55803 77399 22409 82392 71738 65730 59459 15908 87737 45284 86971 59643 93366 39591 14854 97380 33262 8159 45565 17160 43685 73346 71343 6773 71111 31055 37464 87438 10802 63801 76343 38835 38877 53693 11287 87595 85604 91349 83151 7062 21316 51603 13241 42615 38401 7745 41626 87146 61079 80749 97857 32711 71516 94922 41916 63230 32256 83224 2363 32000 77823 42102 5634 13668 37020 56612 63764 51149 1755 90857 42097 10486 56149 9480 8556 87030 27365 36712 87698 8716 1694 76540 55436 35704 48819 11552 90555 28888 96783 19244 67293 78162 28038 18759 23527 83672 42883 14186 37650 58645 70782 94592 26100 7603 20649 78772 33982 4811 3098 73887 15931 48093 39365 2136 31458 43688 36427 73144 30121 38241 27774 90032 8114 94666 31909 49339 34115 46226 85053 84837 75359 70264 28436 28549 31098 46996 89498 99517 10902 28579 269 2607 85590 46125 46589 53147 72312 45126 56273 44155 68990 63871 34938 66429 69359 64504 3508 41792 27492 24855 50504 14908 93706 2514 13424 45003 60864 31895 44011 86124 836 10548 30407 85599 43544 26947 49814 95887 41692 71420 36435 91375 40816 93071 9238 48256 70739 68773 13523 62508 15318 28609 98252 32501 90210 49837 1037 61592 61591 81424 62996 88847 29917 40032 32118 70727 11321 73204 85070 14835 29438 90787 79158 82599 87527 16933 90162 20844 52122 91118 62994 62070 51045 45336 23375 25592 3163 94165 35032 59153 28335 23793 60523 90344 89131 79320 50031 92737 76170 50033 94805 280 8073 39593 66762 37654 18621 99715 78828 93949 3857 51180 54537 93722 
388 328
3461 31811 44768 49918 65226 69491 54576 59710 82331 99583 49319 94279 97674 52557 97694 66574 63183 55977 10357 42703 95677 99901 62365 76667 27465 27547 36822 30457 48527 27445 49290 85201 13316 29478 45592 51399 79298 51364 64677 47226 49504 93525 20092 18975 58766 29056 48393 7493 15590 71832 35881 12451 74869 71887 17276 86294 65863 31107 23913 81396 23608 54998 61910 48850 26517 30475 22598 18280 82837 2761 21060 59210 69939 6821 67971 75326 70056 60317 81465 35610 82282 85862 68297 73715 4489 98907 70548 13506 95186 64354 11725 66240 58501 23410 41931 15126 44168 16173 17008 1412 41842 56439 8681 57931 99630 13268 31535 68315 53529 40030 49704 89840 92595 64794 22214 1541 94254 5727 625 7323 29655 18135 91344 67259 37529 58979 52882 94816 266 59080 22121 27340 38755 45795 84480 50388 45604 44144 40993 62524 69778 92285 93338 16193 23689 30423 1606 48317 98284 22204 74327 79939 62886 19404 76569 28575 29107 48415 85210 63664 2308 52000 69348 66801 93179 92035 61861 98074 95867 47393 83806 50449 61736 20080 89044 9096 54665 83403 8844 77971 54966 19113 13000 82355 22271 17807 49999 81831 48976 99552 60076 93929 19050 24199 23536 83233 84045 91141 2986 51781 42326 9414 15906 73503 11178 19673 88796 11047 52796 3410 94086 10139 37436 80919 28112 83683 44257 68246 74993 5246 85815 41425 77055 74723 14480 21680 92972 13701 51548 22177 92077 19276 34467 28276 86307 13239 87197 37520 68977 92217 20848 21869 88705 83751 199 14240 37198 82515 86579 78833 2252 64322 8735 59354 8994 51378 84238 5105 68795 33752 77198 17742 60309 60581 82308 37590 23175 94640 27497 22897 66687 61789 86404 41390 32190 56631 41746 52571 22496 36049 29604 67138 92580 10223 65834 44189 66395 70849 17242 30825 64233 36707 89509 58129 72773 44619 16788 30843 43308 19023 64044 18555 35890 46633 72015 52680 1617 45640 44336 33373 51383 76479 41164 42060 15469 68493 8851 31010 38331 19960 75232 7168 30261 41018 80724 20662 83191 1170 
865 316
9900 36263 10633 6753 46326 34925 4923 72680 23387 57526 7210 10177 26686 77576 5266 2233 91612 63613 47824 27800 70596 78661 92735 43422 72348 35999 97845 85755 4270 3123 95358 89839 67620 61374 96752 41362 99422 49135 7764 78313 58949 54782 43596 53150 75026 66208 5858 44641 25846 78140 46839 11003 21719 70551 67934 67327 7571 9661 51861 93819 42914 96793 64857 46040 20182 69537 93815 39037 70769 34957 8984 26378 82887 45116 19177 98783 74398 75553 74573 61715 17041 27637 13386 97547 93294 7073 132 56751 13416 24526 91122 29247 27472 97413 19904 36253 80742 76606 96005 7722 1936 37831 50073 3684 86482 25313 93799 30912 74110 48618 93581 4477 36658 29548 63626 37410 32215 23930 62091 16079 68256 50300 93930 10270 22524 7401 40015 39165 23545 94431 98668 50160 84478 71948 39033 51753 93655 63160 91940 25745 92311 64612 46564 53534 84958 29276 41411 42700 27614 58433 38767 23953 18658 3739 16370 92327 88134 77549 85753 51949 14730 77445 17446 60916 56002 17938 87823 91703 8194 410 47666 90228 57627 3259 87468 90440 23173 12289 55005 45776 79230 55764 29529 75970 44050 16262 19772 68077 3271 47830 2261 80624 99580 72326 44871 6749 64464 95324 34485 38470 42245 10491 56571 26256 67838 46029 65558 96412 35897 34356 47741 5515 31129 44073 19768 51303 20619 62255 20609 866 18072 52483 46351 95282 30930 13341 91132 2885 7146 24065 67551 31276 4666 23497 64636 34886 63337 51754 33843 50201 83103 63470 71980 2633 28043 89893 45153 16177 22979 94689 97648 23423 81220 36098 19006 36290 35920 52881 68472 31150 44378 89829 50974 47957 51173 67889 20114 73032 73762 91347 5042 72179 9748 20851 16673 12428 75762 21214 50556 70637 48479 66255 72818 37870 89001 63369 15843 63235 33502 5691 73799 5799 87141 81988 70754 68730 1911 54748 71696 64696 88237 91346 71860 61882 63236 17125 99911 60745 25659 73697 3773 88565 86588 72213 33897 46109 
766 217
20730 41945 13423 91152 30359 82842 12525 59852 16647 5817 36565 13161 10455 99534 94891 29296 13275 47594 82935 76055 77959 72437 42794 80174 77010 85942 67884 39452 41210 2351 91210 68029 97422 71879 80999 32877 79512 48697 49625 93740 26969 41987 27604 9565 47890 1328 39323 51723 16532 28107 83482 94727 27297 67173 87947 30976 31124 32596 92112 86128 42392 45623 1451 74392 24788 77291 88128 79661 27031 61699 82714 27496 11504 17996 4500 79972 44140 35111 96228 112 2043 61054 79952 49083 66494 98970 67325 38391 56756 86819 7518 99848 43813 8546 13442 42517 81828 38663 11403 97029 95125 79310 45221 13700 16429 55102 33588 74290 99662 49751 79581 64731 49593 38707 13516 80068 12929 88799 77390 97777 97704 18024 63549 24278 56880 79392 54917 13053 75811 66293 29791 31126 78242 52328 63679 85601 5669 81663 67582 64219 95298 73890 6543 99473 87919 86303 54559 55886 1386 63677 93067 20685 29885 5684 17645 69004 16015 50382 86167 44060 66467 87394 81631 77966 47250 13631 41821 92093 39354 64463 11519 99082 90301 81673 11485 66777 62725 6262 41547 62321 17954 5005 25748 89028 61680 64562 54965 51895 53023 81106 86502 99138 412 73631 13909 44778 60519 42817 84390 58670 2949 32477 73137 40992 85118 43852 91985 67043 80897 54843 35551 66599 68741 55518 73399 29885 29885 
666 292
56274 87670 57976 23125 24518 39342 59445 60544 48396 37957 91115 41051 61691 23132 420 17798 10715 23574 74317 49626 52227 62423 26143 84378 56441 25733 59111 68343 52916 28978 92229 87545 81780 73969 23253 64087 99663 90858 27029 30108 566 24655 4660 34856 22382 39064 40208 76481 32086 11952 91012 95354 79500 10894 47961 11365 15699 40485 84569 4836 88510 93417 55899 55747 82117 8056 57452 60957 53738 87288 95404 75472 29116 34244 14911 89634 31859 64405 30260 18089 81841 62654 93913 33194 1053 13990 46108 26395 19166 74319 53622 87469 61593 56261 34299 45254 35965 13519 28317 72718 30581 31756 24068 60644 24436 76713 68237 25611 49410 77489 69398 76551 61015 34102 91401 48750 99247 84849 95533 96324 79361 18885 29113 58109 96111 5977 43246 15866 52939 15959 83230 41489 87188 55476 64673 12201 20556 72044 53000 21572 77019 2000 61522 9266 61989 20799 81534 24674 10263 89381 72230 28319 40285 65775 55181 71411 74017 73036 48753 33290 99193 66985 59645 13940 7484 87191 99124 74203 55546 27932 82891 27174 9056 85731 5184 1430 2304 70417 2399 15194 27639 78908 85679 88716 65509 90896 99947 27051 93129 688 5929 69208 19884 98949 69811 78729 37821 17109 428 16437 20934 49356 16210 57650 8756 50210 60149 40803 89590 58781 2270 4289 36155 75192 38490 7113 1743 63591 41736 32399 27232 22492 31521 86831 15171 29682 81181 67443 36957 65332 32663 33312 99819 65785 536 83712 11696 13453 78325 54245 47120 36773 30827 90692 34222 38505 22132 34961 10816 75260 257 70618 38941 33944 51363 9893 98679 96835 42853 59471 36054 80760 25126 35077 54481 89667 36981 8753 88065 14389 84900 88159 79586 56975 4720 1306 22850 73408 4172 95638 91727 41093 7292 78562 99201 57271 9014 60204 48243 56765 51046 12154 
341 125
2310 19692 66431 29000 68165 4105 24792 43070 44119 89563 7337 20347 56784 58013 12091 14836 35543 49397 91236 78504 84457 6067 19750 25010 7692 22436 49126 85489 61071 67848 86710 22584 14780 30553 1748 53654 22573 46889 75772 51085 74611 5364 60032 7179 92431 12380 90078 38255 71308 48060 72513 16991 98711 44657 28734 48722 75715 28840 45193 51588 5833 87751 10858 21654 43371 68469 5531 7386 19563 3639 17687 74441 21145 61612 43382 31210 51393 37193 65594 34033 3737 23600 73279 67863 36129 23903 43737 20099 78848 48171 21734 23306 79023 8588 99303 63250 84051 84171 27539 21177 84023 25253 37249 47458 26655 78635 92745 80379 14633 9595 40966 44689 29940 53996 96614 45129 41301 65482 14686 28003 25253 25253 25253 25253 25253 
247 249
15803 37784 302 73490 83466 51349 27410 17221 18815 95742 79457 7212 18458 78817 37909 9684 39952 7127 21281 55451 70328 84388 42214 64668 52806 41616 78734 6149 9032 67032 8015 19004 68275 48029 39128 15520 61103 23214 86347 7017 12823 98462 41484 62240 69548 81081 28673 77831 8576 84497 37601 18703 96077 81041 62659 14647 37165 53575 4412 48023 72690 88256 44660 62403 38159 98139 97409 33659 7608 90272 33422 38304 46276 88865 19399 41824 4121 19458 28519 48353 17615 38252 73243 1384 30317 55300 96541 42658 70526 60012 22237 46338 54144 31024 61950 38201 69260 64826 58844 36574 21947 99985 55420 52535 3305 77581 65517 53179 37740 42475 62942 43654 93517 27050 39204 21304 56536 96904 95838 83131 54973 26137 61834 28050 76900 58993 60597 70370 17817 59828 62713 25235 56286 33871 25440 78211 86962 78785 3619 82294 25232 90324 20787 47968 80935 5372 25874 61556 71494 34092 31733 54123 80824 77547 56814 59424 72824 8597 46717 51145 44607 89797 95473 34474 59772 18729 32431 84174 42805 815 25444 19161 50207 88226 51989 8319 69033 97344 57628 45714 41858 27107 69381 71517 67603 51417 12310 54086 69790 22133 54387 39403 62178 1499 99139 40913 65095 75103 20741 95328 25068 86950 39421 15118 82579 38948 25132 58738 90566 20236 91412 31926 25966 61827 92563 10567 14447 65950 5875 91362 46369 46935 50743 8567 90823 18214 36564 95500 28009 40206 81902 2783 3750 73488 22176 34259 91468 10418 46720 54381 63292 37909 37909 37909 37909 37909 37909 37909 37909 
952 268
20834 45257 99864 67080 52540 31021 20324 65232 55663 80613 16087 4021 94985 85057 40724 92713 24656 51486 51565 77542 38562 2426 38372 8022 35942 96224 77252 54772 93085 96444 29812 57751 75847 95583 85197 49870 52577 59229 70126 11990 4916 79847 23548 15871 57635 74158 2974 87169 29513 72024 17244 79400 89078 56447 50821 76306 65031 46856 45731 37101 83249 35586 84608 61200 89206 39418 3370 5089 86386 31347 28104 31870 21813 8553 4142 88643 42504 62294 57540 89017 96215 25058 20130 60351 61895 88474 94055 42667 57978 37697 90400 8083 65081 45009 95841 59853 80570 28500 91798 2537 75311 24744 96862 78509 91371 62322 63693 81648 22290 93996 90665 88410 54534 15868 51733 8813 32704 66566 77128 91763 66586 61829 49338 57063 40238 91967 90656 50143 6613 11160 90556 19450 17720 67051 85800 48886 89395 76307 79524 13321 56843 91975 16189 41993 1080 32261 38772 96237 51524 30534 12847 4971 14086 32577 79155 14820 22369 45572 74563 77695 41632 24740 75696 90223 63602 15463 12629 64401 45002 96239 3946 96620 63790 60811 11072 11795 277 62232 85189 32359 12486 95132 95494 67449 52169 89248 67950 75659 50444 69699 96269 73403 81159 14329 99076 95026 10538 74191 64107 19488 62862 10076 42133 85182 49304 56269 25154 85598 1391 61334 44218 52316 73980 84262 25326 89401 79639 16765 22968 99337 12476 23701 15968 63886 74826 94322 75186 29261 94100 83225 40568 87440 48552 55887 41760 20982 75483 8046 89978 45799 92758 75305 20313 67340 86764 22175 82518 7527 7159 33245 60330 69029 41936 82483 71507 83086 18883 7727 98517 49361 44669 12384 87840 70795 73810 5605 33442 62345 
242 180
12081 1303 23309 16393 15635 32858 57563 37570 78572 65180 45038 64947 38924 94339 27769 65383 17933 61215 20339 18145 49056 93575 12896 97427 14799 92149 41395 86359 33401 20383 55520 32637 37892 90908 92629 69741 12518 59530 58919 61062 36540 90364 70020 5609 64039 12546 69834 34008 23206 64978 36182 53026 77616 26568 40346 47442 22996 12435 43758 35599 11331 53136 34971 67911 8923 45413 60107 55372 33638 53231 50317 57836 11812 54731 29481 26544 10895 78544 53088 53963 79920 53320 19066 15059 14607 94757 16347 3786 92933 45930 43398 90570 48619 84195 25171 33364 5660 54158 63064 98441 17024 5931 33716 29132 94394 71813 24818 6266 34329 80862 66289 6003 47879 61332 15076 481 96781 5084 84292 27691 88404 74189 95296 59270 49756 4377 96624 41876 63075 9219 81625 65278 97752 33153 91934 104 51691 42511 55172 13847 67593 88412 92467 48759 75252 49547 98423 26466 44600 34924 6136 81996 15998 94705 40394 23496 36417 85877 71910 84005 49174 30451 78954 40948 68310 77582 5870 63767 18451 93438 15689 69951 20191 94725 3963 96865 30451 30451 30451 30451 
470 250
97134 52941 4739 47552 76287 96922 40562 2952 66065 68060 6059 20243 72165 97016 29888 39779 71403 73642 34569 24654 45501 66818 34015 19637 99033 1294 94531 49700 29923 27285 44759 86355 29591 96733 40558 99797 76275 25638 71423 99169 69477 79091 88992 71592 71089 84852 76388 82173 33644 43829 99692 51742 49371 45890 53114 72981 46062 12208 18965 8972 40887 62538 70169 46392 3173 68845 72365 27838 35390 65258 61197 45637 73491 87378 23713 10103 44708 60510 70961 86639 47314 86652 2771 50 97813 7944 66105 7711 81322 24114 5407 3151 97139 40972 64898 11719 80759 57318 17752 96202 44864 82703 39516 60192 52660 64339 90154 49150 29624 11218 86860 2902 33382 63685 71466 44639 93677 33774 14963 13620 58266 2396 11143 33447 15562 63672 86441 50898 61464 81370 96977 63356 90781 69519 10973 79942 44547 21202 42094 93021 27851 72843 29679 82742 30532 26406 80104 34538 90384 10089 64823 62494 10697 4724 36420 78519 30178 85623 76238 99974 40699 42344 55707 21713 43179 10861 71399 93478 69899 80138 29387 57057 99790 82041 76528 7984 94439 9523 17156 87555 55354 25731 90017 63947 95953 22317 1793 86924 7801 47524 3420 24412 92276 29043 43312 21791 97609 99966 35530 74937 87750 26547 75290 67872 59020 29798 3005 79137 58671 17566 91342 61153 31855 583 40824 28110 65173 46598 32433 23422 89366 79670 2116 23795 88626 56875 33288 29849 67003 96495 99491 39940 26832 46961 27104 13926 72456 55339 88245 69337 63017 48680 20792 65502 5681 91405 91640 94501 78995 11121 
32 115
50311 84623 30094 74031 46499 28638 13621 85411 89805 55932 74624 35495 91126 52102 86473 45394 40315 15943 33623 10661 88279 24047 58363 92837 95726 25900 58108 90386 45812 12820 86275 26396 58596 86271 10024 39543 94847 87268 29198 73981 98532 58181 17047 68538 4046 77228 51795 1485 58462 15095 27826 4383 72183 24996 54186 82110 45291 70910 11614 45276 51941 74837 54297 66250 87868 19600 49772 3613 83426 12063 17741 72452 92549 92984 45865 49115 17676 99014 70861 65141 91206 61108 4125 83645 38853 82664 51669 24130 15813 5119 88542 34240 97894 67801 62099 28157 13236 97200 80139 8249 11771 45088 2893 76586 59518 70913 56719 93255 3392 52761 33421 78556 53449 52418 93255 
446 224
86761 50371 63509 54707 64935 94051 75844 88360 85814 63441 89002 17419 14102 50844 34464 16893 38954 97574 25943 87815 70641 4792 75956 59834 86261 3798 30332 16606 17404 75278 65760 50948 90892 90886 49528 25224 69379 22784 58894 30277 68444 23114 28867 57779 41555 24037 19547 22858 16010 42685 68673 60158 39889 69194 15763 94775 5812 14790 27613 32695 85682 5046 20434 44929 28831 5905 44856 72651 5992 33049 78870 83007 46438 13396 49149 77100 90806 95385 75931 18672 24362 59184 19509 52041 3550 61569 56528 42342 24754 68644 87020 83290 35979 3555 45324 88783 99591 72020 50513 90136 80200 87147 92284 69568 56557 41255 63571 54770 54228 17705 52022 43055 34622 95218 72855 19357 75235 82201 70915 62271 14501 41430 74551 71834 7931 26306 74643 89623 42816 85721 5920 70399 45418 5029 68584 55052 19428 99357 24826 77033 27375 67441 19688 39310 35589 73782 19306 77659 95189 74545 42624 17548 46333 55662 70104 77878 75926 36177 54789 56809 33203 76211 72913 20780 82791 94993 12900 21972 72108 82031 17966 58863 18606 39245 27372 13136 84508 81692 15728 44145 40072 96298 85473 16811 44897 89003 6698 85641 9947 19279 79409 50892 36727 50509 74770 54760 18795 87136 33756 76683 25099 22875 70162 20030 69798 16237 80978 56986 20330 88068 55830 68268 57081 34963 82129 45937 24379 26045 599 85261 99716 25553 90529 77554 
151 124
1063 72914 93278 42289 66577 50463 22172 57737 89981 81887 81440 12227 85343 94073 20367 95672 93964 60018 52268 57864 52060 59133 99426 74518 60878 45422 3882 83675 94817 66306 62966 40324 74962 61952 61361 99968 24814 13695 34736 21629 11511 31445 86068 46008 39443 63638 8362 86658 61090 54504 53402 46573 13018 50659 2800 46808 73117 71854 91127 85084 74481 38154 42330 67648 55047 90639 33737 53118 94143 18503 36063 22487 83053 98821 12831 6657 87974 82710 4313 67825 50964 31634 35915 53871 29044 20146 95242 28516 3607 64097 9374 75019 81618 56699 49043 77848 94791 9294 63020 15402 71312 48882 82583 37301 77500 61686 41121 26883 62501 15891 89276 96155 82793 7687 46133 17215 89720 18087 10983 91127 91127 91127 91127 91127 
742 198
3116 48188 20943 9003 14230 4068 24869 94081 96573 40648 26164 61710 23898 87738 50646 52810 40419 85305 17694 27435 18857 57144 1982 48908 92490 10038 40878 55471 5460 70164 84154 24193 64816 87474 46448 33177 35373 35058 71754 64427 39425 14029 32071 30526 267 63864 12890 60754 75954 45992 29074 77892 39794 17181 40721 74169 94525 42430 54208 37008 3481 85547 14317 4462 72141 6583 10302 40900 34846 58551 57535 70680 91649 81417 90869 7138 72491 30910 69975 26548 76132 23785 37093 64580 57566 44217 86972 30200 57311 8188 47576 22725 22227 60494 88801 66498 83331 68608 68823 61560 20183 96671 59994 86193 52549 22785 55844 56057 9945 8039 59863 83603 89447 82951 12528 57017 59482 91134 73014 70760 42668 54867 38963 62704 32160 84072 22345 37026 50126 29097 83745 69885 23051 3451 22995 85736 54024 80440 8024 33926 12407 93467 21779 52630 46494 87865 499 55894 46263 2146 3245 25291 16425 19568 2920 49660 98334 57845 70976 18355 80183 70244 71775 69614 53756 278 3470 14782 85944 52396 8403 88347 33352 94590 9831 46527 54657 66140 69492 40832 89430 43597 61840 72320 24271 972 18362 63340 74417 48659 25700 40028 12269 3817 27511 67821 48120 35354 
71 194
99485 82273 36501 77393 20784 12677 51851 51912 15005 41021 7734 65949 20104 67288 61340 60821 4063 47612 9617 82456 63350 93459 67563 41757 54031 51380 54274 67812 17236 70857 35662 71649 26944 63018 21165 93572 43401 18012 87992 61660 19271 93018 16097 85421 28627 59685 9553 53895 511 99175 356 13349 78373 90789 36419 60537 28323 61810 35211 30299 43741 76869 97443 49691 18637 72904 32137 32135 92774 95422 91534 35475 43467 70315 58009 94351 35720 27182 79354 34672 1419 20819 11462 37690 95756 38465 58423 12676 77098 28138 62876 28424 93353 86137 30588 83817 7505 9815 54953 61465 56658 12218 18086 58288 68517 53580 18084 86912 66441 42664 6713 17598 24746 86467 85596 44737 51119 87715 24970 37162 50490 60590 17905 37980 68333 11095 11814 83779 53639 46941 31222 91076 3974 78552 51992 48748 20935 73918 36475 71884 76171 79690 41928 48040 57172 25390 1406 18554 67592 41759 41334 71052 93472 73738 37915 33620 3200 38239 36894 57414 9193 63403 74952 56702 78946 67869 24334 26934 38867 10761 68761 6195 22379 67912 49638 81452 80491 97545 17579 86770 16592 33812 9949 94797 32357 33804 47050 45588 82956 85111 40536 66731 95111 27003 
834 188
32846 20442 28235 31631 90748 75322 16080 87233 33882 10288 38463 37857 17476 54480 52563 60305 31424 54841 42367 47408 95405 82943 80737 3032 87833 28962 93785 31346 41755 63265 50757 13178 39262 93825 29840 71224 24689 50021 84795 48349 11858 44237 56003 93618 20105 28841 15299 75785 25680 70464 77552 6555 76646 26770 51476 27587 93070 49196 48316 78069 2477 34950 8988 90959 41375 81474 78969 25973 33969 9317 36133 10676 21282 59649 39848 32279 97806 81095 39328 42586 80476 88130 16882 12795 17250 60716 73518 70506 91944 2434 2605 55383 16650 80308 48900 18732 54429 47812 93641 42276 45460 83188 3221 14640 13787 24149 79571 84713 60749 13163 57932 54546 48210 44391 31019 39325 79065 780 22209 79012 27065 20492 87348 23705 74760 80330 89007 94462 20815 60658 78203 99255 80089 71546 72886 73492 6677 50881 62417 13279 55631 49479 16383 49309 52107 6430 85428 49501 79283 89862 85162 86695 95448 37088 39220 61655 44 97597 2359 60479 38540 26938 96112 84421 71175 23218 7421 95875 85184 81412 34198 7720 55067 99366 55427 29772 65322 65545 5136 85338 62839 7511 77784 17001 71954 57811 52129 87365 
571 182
49586 11226 49998 23999 22397 18920 43342 57907 52762 76554 28421 31174 40984 81066 43735 38402 56314 59708 19398 4023 66198 12047 28399 73566 52003 99891 1484 2742 60737 23679 21863 80283 50120 58376 85861 93859 65241 62872 98264 27142 82373 67162 12223 97031 50218 69144 22689 20936 91046 92813 65339 95957 27160 72258 57036 17147 58529 58152 64888 41528 537 46738 66219 8921 37836 74492 95476 83440 6507 50574 52903 85905 48094 45178 74339 29509 56766 55353 68701 69966 27611 9359 12369 65783 38994 71050 23974 66638 75212 66809 74396 45351 34626 24593 92382 45585 29822 31248 79526 91771 49747 66591 48123 38746 99002 85000 10220 59796 21640 82719 92180 6860 42484 52958 29516 29813 85369 28279 42761 9331 3364 76673 65925 71821 88440 5214 91247 95658 21134 82849 51365 66873 11147 69977 23362 90867 57536 28652 84399 77771 68617 61659 96154 10832 70098 6474 19963 40289 5630 29784 79417 21343 7817 35546 63214 90815 42776 73912 31314 93953 53477 68006 37602 90882 97924 18833 5353 39408 39498 71865 14804 9734 90164 93675 53910 41114 63312 8206 52477 11652 95812 76676 
621 176
42834 35347 69942 87891 59137 29464 14945 62728 10314 11658 44369 74365 79550 97675 92844 36955 32502 44180 10207 86758 69760 45335 3581 80176 37806 73458 49643 11912 96434 94963 11388 30679 59357 40162 68180 36951 18544 13329 88607 57616 70206 20176 72711 19178 14534 27406 70746 83292 64389 17618 28150 29006 49015 17256 4060 16916 7371 27046 64115 15760 47216 7938 62894 81850 19974 7987 62258 5414 15370 63799 77713 71238 2972 24408 80153 35648 9316 34427 76301 417 48620 77145 69799 76429 1424 64343 30146 16875 38522 74671 76214 56215 84362 10092 93230 46257 39908 78830 62913 61194 46399 25049 82408 36702 11054 78274 29744 85619 36942 72450 48132 33052 76514 64773 26008 64817 33030 66600 70858 44063 58237 92233 26653 79936 23846 45311 79689 3598 70063 20214 78811 88941 52696 54942 89625 31672 22673 57757 79753 32792 45606 61496 40397 64587 70716 84410 29210 48987 63817 27742 38856 79472 21643 40553 13504 91792 81339 82073 107 75015 82591 33604 33299 55352 9474 38259 44357 60998 88407 14654 50650 22614 33810 79877 84516 19897 
604 164
59431 79903 21178 45728 78840 77367 15242 31801 98366 78261 12761 55822 5708 37123 70656 42114 12204 10026 26811 56645 81174 12447 18256 77154 11881 8333 9522 14049 82155 84172 90971 59568 62689 21614 7391 98694 23343 34455 41846 76589 31184 82501 88453 52781 23761 17053 4934 16741 82665 54338 28844 15450 56794 17773 52766 5313 97862 45593 93376 59968 21191 18160 10367 33566 23688 10508 75864 13477 15055 30102 61879 69544 73226 67922 73899 86793 49021 99670 17337 95773 23985 30640 91461 86138 43701 51784 67063 46978 21091 38082 92809 96342 12874 64705 78498 22089 98940 76694 43802 87888 23011 73803 23669 62665 27333 93544 41398 32014 65334 24708 72875 48739 17383 99482 68119 78897 43856 14350 63314 21498 37412 33745 52839 90382 79893 78281 53257 74330 85536 66920 61599 78654 47631 47467 64626 4598 18303 45921 45161 1168 15889 37233 97171 5521 17758 99433 49920 42262 56583 12260 37025 58362 92763 96640 22257 25755 39014 25477 60135 75903 32782 66414 28069 20624 
765 148
41594 62206 91102 30135 4947 94986 77560 93597 2714 89354 40986 10851 90641 39722 33718 12689 90553 94229 52401 16711 22139 32226 34552 94674 87695 46320 97713 87481 50325 94936 56664 65101 23681 74673 70356 42656 35948 2824 45563 33547 44533 61718 54204 26326 56648 90527 69356 99500 1383 37152 7056 60372 78478 76117 96763 20200 82095 95835 88050 60472 54250 37934 97557 65013 89376 92682 20372 55143 34732 84368 8815 1442 69456 63031 68651 92626 57349 86585 362 20965 70033 69404 86611 67409 6594 83651 24318 67050 37765 272 99501 12119 88216 83888 98761 62525 75630 72472 96810 84993 34928 31018 70130 39706 58185 10441 20083 2678 36568 47253 49921 877 15756 78122 31606 54374 65433 7082 81290 35738 25896 79445 84498 58654 86688 28363 58893 54389 14935 30256 15301 1647 31128 515 84824 66378 15270 3888 12667 29843 59832 41572 48591 61349 49721 47764 57618 10651 
267 142
82414 95675 72857 13338 11117 96306 6951 47553 3922 57843 83976 54035 84259 10681 79795 36043 52422 86311 58379 2222 13307 17584 97906 12202 9659 6235 20142 33652 73582 38499 99918 83257 507 8063 76193 24705 44005 53298 4048 69839 42607 34051 99106 37384 57570 69294 62092 15362 48634 69870 22610 60531 83932 22546 48658 66828 76289 23123 26871 91491 11900 40441 58082 95261 22608 25617 76136 71781 79080 14572 62252 96772 34836 59715 63715 9875 24354 67394 81241 22717 25645 23838 65109 45237 26420 3211 857 75635 14846 49451 39462 16810 64347 11593 16835 14198 99989 95522 18586 57605 44954 62373 55670 14136 838 7220 28969 27556 84899 91418 25182 80151 90054 49082 54765 16894 64872 57853 98234 48248 14000 83690 99541 98535 65314 3703 81050 13649 57816 84033 32521 72290 23790 73960 63164 8891 81167 37009 86737 95567 98850 13080 
261 130
87609 98077 5755 20704 7009 28216 52121 6465 79835 48795 50670 67465 65855 58788 81265 54624 25106 21170 40523 30350 67302 85235 65029 16904 47119 37337 27470 37726 11021 27058 46293 21104 93370 45792 55967 77947 75857 12291 33720 51973 63857 85635 93332 34475 99915 51189 41090 28362 63633 94276 61199 35484 30844 22381 50089 92238 95880 33689 64763 64860 50478 25707 94871 67256 49395 96307 67659 2909 74520 53316 25953 66610 19209 56597 75048 31430 7969 29809 9981 85803 97670 20941 27032 8671 40493 99648 49399 41569 62428 13277 9616 37309 47557 70775 99550 62988 61501 925 92964 11153 97470 20840 13486 83145 13729 75036 97027 39256 62484 2239 16570 69954 75020 67675 65561 10838 20012 53655 34862 86577 64532 81037 31539 14826 18615 45098 76015 15938 79277 18924 
606 124
27077 73120 7537 8608 99359 5996 94120 88843 72265 86446 70216 25881 84686 74610 15336 26207 50203 11108 52308 70700 41043 32714 73411 66678 52399 59349 84526 42411 42372 40716 51694 22592 31157 22669 92957 19416 85302 90399 7440 1069 29525 48895 25715 41134 37031 35349 19074 28645 35260 87699 23767 56016 61531 20463 13949 19047 22763 97959 65472 40005 17304 5840 62519 65243 80087 35734 81584 78378 73314 97591 82183 63156 47806 41047 17131 97602 19407 69043 78539 79448 86196 65839 7244 28296 18187 20141 40497 415 75392 87118 92819 62812 69302 48476 27985 79273 79756 57342 22980 57564 12276 21248 2849 85989 46949 40271 86044 45725 58855 85364 49995 932 96552 18768 60470 50719 35192 39505 94777 52103 39143 66770 5582 38083 
582 112
35409 14318 69420 92358 21103 48688 93871 49766 60003 50258 16906 87330 54484 38550 76912 46139 56478 27481 98519 78154 23758 69677 47071 54353 65240 32997 88301 33978 30435 19146 44658 88739 6475 89612 2158 60960 47689 36447 31583 45983 61045 56030 16352 82510 83399 94121 56659 68706 48441 93651 78652 57246 55203 73649 72411 60827 58732 41061 49812 24055 75339 65117 53731 23321 45603 8026 81022 4731 45480 68523 74123 88085 53486 15600 26757 92394 57056 56213 64399 13014 55627 14022 75000 31847 85015 32434 17517 91014 36525 53865 70158 75888 92742 86506 74949 92041 65535 50551 72670 89404 44196 41036 83312 32066 10390 90941 7657 1646 94375 11765 65763 85943 
738 100
34556 65937 42480 43968 56444 65789 84152 91112 34323 55072 87780 75532 48168 16478 28263 74732 5223 93252 64403 33419 68965 7320 71127 96950 65168 84197 48 21257 73593 71977 68371 50283 50785 29197 6424 95893 93050 58850 35867 50333 77242 55343 59207 69934 44429 90067 254 22794 91774 56859 34076 87950 64194 36107 85050 21982 42860 7890 74234 53605 1196 11673 15404 19043 10225 78818 69098 48389 67507 73791 93812 25725 26381 15974 92070 16905 14787 67346 86785 12746 33636 9360 34399 32149 99702 19595 94932 34608 51816 8134 29511 80131 14913 98253 23633 72443 96997 25124 93019 38096 
861 86
94656 56830 12999 77091 69364 92297 15899 49027 85255 11633 54045 99874 29901 37454 43124 33467 44333 68001 20136 22347 63122 68598 31725 58693 4965 17641 37599 69541 53983 14253 26954 49401 82835 3939 81346 3762 76856 42844 65172 26037 24948 88990 86888 63935 20530 22282 907 37902 40209 78449 26138 9267 30006 99114 32110 46104 9160 55898 29512 51887 22625 61597 25710 53167 46552 80329 97088 80991 18772 47484 5336 49558 67537 56127 45669 61630 83899 86975 50514 3009 99857 4219 72688 21600 37936 27397 
483 78
28567 3945 86784 27717 98545 6392 80219 25279 85770 87297 45423 97986 17105 17726 96659 76800 31381 96115 90508 63945 39004 60863 76549 43681 49549 19343 73678 91492 46500 51823 11434 1482 9143 39464 40231 3037 37342 63391 12532 64409 76867 92787 31841 48632 43461 96875 29818 44833 88887 99777 44076 60731 52274 41672 35270 42970 84521 98371 12606 69245 74932 84169 18448 91962 10969 63139 32302 35011 92492 28385 12590 70294 43930 89767 56744 87371 67739 91553 
933 74
15611 59202 44949 97701 98420 83803 98281 34648 29457 88981 82372 2984 92206 16635 86813 41810 79214 2354 36889 49379 53273 17583 2628 78548 13576 50475 30055 43863 78177 57856 86809 58133 85142 35998 64106 68963 74897 44825 45635 24690 49826 35232 74485 13256 1969 16535 81264 89451 71009 55710 25751 16591 79580 44147 20782 77366 96260 30867 28523 89440 21350 87422 33384 13102 51416 91140 52718 27609 9421 5972 76326 80170 61226 54531 
252 68
9005 76994 35488 95917 65633 45869 74298 74941 10163 64697 90774 82637 10675 3265 84438 27995 39759 48225 49957 70146 78522 5354 58173 51908 16718 57789 47791 40446 73232 18341 81575 96044 37876 99413 56366 41992 86401 67628 48601 59953 88021 44923 28193 81985 98967 84452 49771 41491 80380 52213 33237 18131 43219 33376 15926 30446 75534 75513 1050 62074 58221 521 47943 38069 51661 77477 36299 82341 
837 60
58029 70953 66825 92459 40411 898 51683 5304 956 17921 21959 12501 20446 79165 44401 1594 50691 43458 48789 1878 63929 18698 11564 73229 98502 97435 13130 44338 10862 495 23353 27241 77226 45430 19536 22630 88171 98306 16628 48196 76837 94665 91231 69739 97548 46354 41310 19675 27141 98567 54311 10277 56456 91767 26375 67751 59706 46275 23623 38670 
139 42
8950 23101 33121 55925 2880 90287 68420 87483 3432 96165 23925 92781 24510 21627 67476 11755 62184 61067 48486 34334 93056 65853 87707 59042 20795 80309 2892 74395 71653 20242 52195 75976 63463 56119 64433 51647 37322 95021 9369 70649 84135 95077 
984 22
84026 33610 22234 52942 59414 26035 36515 21656 25926 51167 49202 53921 42979 51871 2685 62813 89686 44013 86233 19569 35185 40718 
148 16
53614 75777 23857 37681 38323 56469 66752 85029 27888 54310 51049 84813 67773 11430 49386 29987 
662 2
95408 83340 
